%YAML:1.0
---
width: 6000
height: 4000
K: !!opencv-matrix
   rows: 3
   cols: 3
   dt: d
   data: [ 4.2280219834397221e+03, 0., 2.9508905682159984e+03, 0.,
       4.2418957887360275e+03, 1.9829603827351580e+03, 0., 0., 1. ]
D: !!opencv-matrix
   rows: 8
   cols: 1
   dt: d
   data: [ -1.2665779771034852e-01, 9.3009195119764923e-02,
       -5.7355398528993002e-04, -3.3565580558874108e-04,
       -2.5369549137820732e-02, 0., 0., 0. ]
