%YAML:1.0
---
width: 1500
height: 1000
K: !!opencv-matrix
   rows: 3
   cols: 3
   dt: d
   data: [ 1.0570285353252179e+03, 0., 7.3739685477213573e+02, 0.,
       1.0605471640298592e+03, 4.9461004311507963e+02, 0., 0., 1. ]
D: !!opencv-matrix
   rows: 8
   cols: 1
   dt: d
   data: [ -1.2601223827105318e-01, 9.0559512795459984e-02,
       -7.6536194755681089e-04, -3.2922105227140887e-04,
       -2.1395730803037374e-02, 0., 0., 0. ]
