%YAML:1.0
---
width: 3000
height: 2000
K: !!opencv-matrix
   rows: 3
   cols: 3
   dt: d
   data: [ 2.1141835471386935e+03, 0., 1.4752351852115548e+03, 0.,
       2.1212399430680398e+03, 9.9046259932763121e+02, 0., 0., 1. ]
D: !!opencv-matrix
   rows: 8
   cols: 1
   dt: d
   data: [ -1.2609429769513913e-01, 9.1807482222775377e-02,
       -6.5476203187646602e-04, -3.2676430741508786e-04,
       -2.4152370142714111e-02, 0., 0., 0. ]
